version = 'MMult_1x4_1';
MY_MMult = [
40 6.736842e+00 0.000000e+00 
80 6.649351e+00 0.000000e+00 
120 4.847125e+00 0.000000e+00 
160 4.383093e+00 0.000000e+00 
200 4.464286e+00 0.000000e+00 
240 4.449308e+00 0.000000e+00 
280 4.308961e+00 0.000000e+00 
320 4.195915e+00 0.000000e+00 
360 4.130312e+00 0.000000e+00 
400 4.100987e+00 0.000000e+00 
440 4.226235e+00 0.000000e+00 
480 3.944432e+00 0.000000e+00 
520 3.862486e+00 0.000000e+00 
560 4.034599e+00 0.000000e+00 
600 3.969640e+00 0.000000e+00 
640 3.965150e+00 0.000000e+00 
680 3.979447e+00 0.000000e+00 
720 3.876431e+00 0.000000e+00 
760 3.871706e+00 0.000000e+00 
800 3.909606e+00 0.000000e+00 
];
