version = 'MMult_4x4_4';
MY_MMult = [
48 2.457600e+01 3.552714e-15 
96 2.527817e+01 7.105427e-15 
144 2.457600e+01 1.243450e-14 
192 2.492214e+01 1.953993e-14 
240 2.511172e+01 2.486900e-14 
288 2.467755e+01 3.552714e-14 
336 2.492316e+01 4.263256e-14 
384 2.501573e+01 4.618528e-14 
432 2.503387e+01 4.618528e-14 
480 2.487729e+01 6.039613e-14 
528 2.444946e+01 5.861978e-14 
576 2.446588e+01 7.105427e-14 
624 2.475377e+01 7.460699e-14 
672 2.443058e+01 9.947598e-14 
720 2.460435e+01 8.526513e-14 
768 2.445922e+01 9.237056e-14 
816 2.435567e+01 1.278977e-13 
864 2.425256e+01 1.421085e-13 
912 2.414651e+01 1.705303e-13 
960 2.434707e+01 1.136868e-13 
];
