version = 'MMult_1x4_3';
MY_MMult = [
48 1.164126e+01 3.552714e-15 
96 1.164126e+01 7.105427e-15 
144 1.074095e+01 1.243450e-14 
192 1.099051e+01 1.065814e-14 
240 1.168555e+01 1.953993e-14 
288 1.133201e+01 1.953993e-14 
336 1.096014e+01 2.486900e-14 
384 9.783690e+00 3.019807e-14 
432 9.565919e+00 2.842171e-14 
480 9.006597e+00 3.197442e-14 
528 8.028030e+00 4.263256e-14 
576 8.365565e+00 3.730349e-14 
624 7.747170e+00 4.618528e-14 
672 7.769585e+00 5.151435e-14 
720 7.676130e+00 5.684342e-14 
768 7.518233e+00 5.861978e-14 
816 7.503121e+00 5.684342e-14 
864 7.498024e+00 7.105427e-14 
912 7.651345e+00 5.684342e-14 
960 7.312079e+00 6.394885e-14 
];
