version = 'MMult0';
MY_MMult = [
40 5.120000e+00 0.000000e+00 
80 5.988304e+00 0.000000e+00 
120 4.358134e+00 0.000000e+00 
160 3.690090e+00 0.000000e+00 
200 3.876908e+00 0.000000e+00 
240 3.554641e+00 0.000000e+00 
280 4.424023e+00 0.000000e+00 
320 4.076636e+00 0.000000e+00 
360 4.093170e+00 0.000000e+00 
400 3.997002e+00 0.000000e+00 
440 3.840664e+00 0.000000e+00 
480 3.915246e+00 0.000000e+00 
520 3.935678e+00 0.000000e+00 
560 3.900064e+00 0.000000e+00 
600 3.927273e+00 0.000000e+00 
640 3.835823e+00 0.000000e+00 
680 3.822765e+00 0.000000e+00 
720 3.889763e+00 0.000000e+00 
760 3.942379e+00 0.000000e+00 
800 3.922425e+00 0.000000e+00 
];
