version = 'MMult_1x4_4';
MY_MMult = [
48 1.005382e+01 3.552714e-15 
96 1.273001e+01 7.105427e-15 
144 1.148455e+01 1.243450e-14 
192 8.130831e+00 1.065814e-14 
240 1.028189e+01 1.953993e-14 
288 1.082614e+01 1.953993e-14 
336 8.263382e+00 2.486900e-14 
384 1.004223e+01 3.019807e-14 
432 8.945031e+00 2.842171e-14 
480 8.041300e+00 3.197442e-14 
528 8.035261e+00 4.263256e-14 
576 8.327108e+00 3.730349e-14 
624 7.427115e+00 4.618528e-14 
672 8.170825e+00 5.151435e-14 
720 7.819332e+00 5.684342e-14 
768 7.531045e+00 5.861978e-14 
816 7.586725e+00 5.684342e-14 
864 7.440717e+00 7.105427e-14 
912 7.594771e+00 5.684342e-14 
960 7.653856e+00 6.394885e-14 
];
