version = 'MMult_4x4_2';
MY_MMult = [
48 1.843200e+01 3.552714e-15 
96 1.966080e+01 7.105427e-15 
144 2.360462e+01 1.243450e-14 
192 2.359296e+01 1.065814e-14 
240 2.315578e+01 1.953993e-14 
288 2.269632e+01 1.953993e-14 
336 2.164511e+01 2.486900e-14 
384 1.955893e+01 3.019807e-14 
432 1.782677e+01 2.842171e-14 
480 1.765235e+01 3.197442e-14 
528 1.625868e+01 4.263256e-14 
576 1.650855e+01 3.730349e-14 
624 1.672430e+01 4.618528e-14 
672 1.729783e+01 5.151435e-14 
720 1.734504e+01 5.684342e-14 
768 1.643035e+01 5.861978e-14 
816 1.651660e+01 5.684342e-14 
864 1.684023e+01 7.105427e-14 
912 1.577471e+01 5.684342e-14 
960 1.641044e+01 6.394885e-14 
];
