version = 'MMult_1x4_5';
MY_MMult = [
48 1.301082e+01 3.552714e-15 
96 1.237393e+01 7.105427e-15 
144 9.230244e+00 1.243450e-14 
192 9.487786e+00 1.065814e-14 
240 1.041748e+01 1.953993e-14 
288 9.466167e+00 1.953993e-14 
336 9.161467e+00 2.486900e-14 
384 9.011396e+00 3.019807e-14 
432 8.640648e+00 2.842171e-14 
480 8.220314e+00 3.197442e-14 
528 8.253088e+00 4.263256e-14 
576 7.636483e+00 3.730349e-14 
624 8.375842e+00 4.618528e-14 
672 7.916326e+00 5.151435e-14 
720 7.924165e+00 5.684342e-14 
768 8.089520e+00 5.861978e-14 
816 7.940411e+00 5.684342e-14 
864 7.815197e+00 7.105427e-14 
912 7.593630e+00 5.684342e-14 
960 7.609127e+00 6.394885e-14 
];
