version = 'MMult_avx2';
MY_MMult = [
48 2.457600e+01 3.552714e-15 
96 2.722265e+01 7.105427e-15 
144 2.654208e+01 1.243450e-14 
192 2.859753e+01 1.953993e-14 
240 2.815479e+01 2.486900e-14 
288 2.803741e+01 3.552714e-14 
336 2.838238e+01 4.263256e-14 
384 2.837540e+01 4.618528e-14 
432 2.791606e+01 4.618528e-14 
480 2.833876e+01 6.039613e-14 
528 2.760134e+01 5.861978e-14 
576 2.744352e+01 7.105427e-14 
624 2.764643e+01 7.460699e-14 
672 2.741447e+01 9.947598e-14 
720 2.776007e+01 8.526513e-14 
768 2.757311e+01 9.237056e-14 
816 2.697875e+01 1.278977e-13 
864 2.723989e+01 1.421085e-13 
912 2.725462e+01 1.705303e-13 
960 2.725997e+01 1.136868e-13 
];
