version = 'MMult_avx512_2';
MY_MMult = [
48 2.010764e+01 3.996803e-15 
96 2.492214e+01 7.105427e-15 
144 2.437538e+01 1.332268e-14 
192 4.103123e+01 1.598721e-14 
240 4.416613e+01 2.131628e-14 
288 4.339305e+01 4.618528e-14 
336 4.478519e+01 3.552714e-14 
384 4.618524e+01 4.263256e-14 
432 4.604316e+01 5.329071e-14 
480 4.721110e+01 6.039613e-14 
528 4.678149e+01 7.105427e-14 
576 4.724425e+01 6.750156e-14 
624 4.759930e+01 7.815970e-14 
672 4.709256e+01 1.065814e-13 
720 4.716896e+01 8.526513e-14 
768 4.679595e+01 9.237056e-14 
816 4.682741e+01 1.350031e-13 
864 4.665094e+01 1.563194e-13 
912 4.626154e+01 1.705303e-13 
960 4.665591e+01 1.136868e-13 
];
