version = 'MMult_4x4_1';
MY_MMult = [
48 1.005382e+01 3.552714e-15 
96 1.156518e+01 7.105427e-15 
144 1.164126e+01 1.243450e-14 
192 9.222004e+00 1.065814e-14 
240 1.030104e+01 1.953993e-14 
288 9.114030e+00 1.953993e-14 
336 9.542907e+00 2.486900e-14 
384 9.030798e+00 3.019807e-14 
432 8.930169e+00 2.842171e-14 
480 8.783068e+00 3.197442e-14 
528 7.511249e+00 4.263256e-14 
576 8.570601e+00 3.730349e-14 
624 8.390449e+00 4.618528e-14 
672 8.312045e+00 5.151435e-14 
720 8.609707e+00 5.684342e-14 
768 8.374186e+00 5.861978e-14 
816 8.139842e+00 5.684342e-14 
864 7.814723e+00 7.105427e-14 
912 7.872130e+00 5.684342e-14 
960 8.353580e+00 6.394885e-14 
];
