version = 'MMult_avx512';
MY_MMult = [
48 4.173283e+00 3.552714e-15 
96 7.222335e+00 7.105427e-15 
144 8.642501e+00 1.243450e-14 
192 9.016418e+00 1.953993e-14 
240 9.340541e+00 2.486900e-14 
288 9.228461e+00 3.552714e-14 
336 9.467879e+00 4.263256e-14 
384 9.651117e+00 4.618528e-14 
432 9.559114e+00 4.618528e-14 
480 9.648157e+00 6.039613e-14 
528 9.584448e+00 5.861978e-14 
576 9.667778e+00 7.105427e-14 
624 9.686472e+00 7.460699e-14 
672 9.609539e+00 9.947598e-14 
720 9.711149e+00 8.526513e-14 
768 9.715388e+00 9.237056e-14 
816 9.569441e+00 1.278977e-13 
864 9.626312e+00 1.421085e-13 
912 9.580138e+00 1.705303e-13 
960 9.650683e+00 1.136868e-13 
];
