version = 'MMult_avx2';
MY_MMult = [
48 2.430593e+00 3.552714e-15 
96 3.171097e+00 7.105427e-15 
144 3.882944e+00 1.243450e-14 
192 3.975225e+00 1.953993e-14 
240 4.035026e+00 2.486900e-14 
288 3.881998e+00 3.552714e-14 
336 4.027291e+00 4.263256e-14 
384 4.033990e+00 4.618528e-14 
432 3.937561e+00 4.618528e-14 
480 4.046838e+00 6.039613e-14 
528 4.000923e+00 5.861978e-14 
576 4.027630e+00 7.105427e-14 
624 4.016176e+00 7.460699e-14 
672 3.981428e+00 9.947598e-14 
720 4.063735e+00 8.526513e-14 
768 4.068300e+00 9.237056e-14 
816 4.041344e+00 1.278977e-13 
864 4.048068e+00 1.421085e-13 
912 4.041884e+00 1.705303e-13 
960 4.051991e+00 1.136868e-13 
];
