version = 'MMult_avx512_24x8';
MY_MMult = [
48 3.686400e+01 3.996803e-15 
96 4.213029e+01 7.105427e-15 
144 4.265691e+01 1.421085e-14 
192 4.423680e+01 1.154632e-14 
240 4.585075e+01 1.598721e-14 
288 4.511402e+01 2.131628e-14 
336 4.657220e+01 2.842171e-14 
384 4.415057e+01 4.263256e-14 
432 4.312467e+01 4.973799e-14 
480 4.473786e+01 6.039613e-14 
528 4.751386e+01 8.526513e-14 
576 4.933599e+01 7.105427e-14 
624 4.938427e+01 7.460699e-14 
672 4.958569e+01 9.237056e-14 
720 4.971337e+01 9.237056e-14 
768 4.879987e+01 1.065814e-13 
816 4.887017e+01 1.207923e-13 
864 4.851606e+01 1.492140e-13 
912 4.880335e+01 1.705303e-13 
960 4.878879e+01 1.207923e-13 
];
