version = 'MMult_avx512_24x8_reuse_B';
MY_MMult = [
48 2.010764e+01 3.996803e-15 
96 2.457600e+01 7.105427e-15 
144 2.563076e+01 1.421085e-14 
192 2.660860e+01 1.154632e-14 
240 4.638926e+01 1.598721e-14 
288 4.541421e+01 2.131628e-14 
336 4.683093e+01 2.842171e-14 
384 4.772280e+01 4.263256e-14 
432 4.757838e+01 4.973799e-14 
480 4.955949e+01 6.039613e-14 
528 4.864440e+01 8.526513e-14 
576 4.362086e+01 7.105427e-14 
624 4.954035e+01 7.460699e-14 
672 4.947655e+01 9.237056e-14 
720 4.953524e+01 9.237056e-14 
768 4.836223e+01 1.065814e-13 
816 4.892297e+01 1.207923e-13 
864 4.904734e+01 1.492140e-13 
912 4.891823e+01 1.705303e-13 
960 4.954006e+01 1.207923e-13 
];
