version = 'MMult1';
MY_MMult = [
40 6.736842e+00 0.000000e+00 
80 6.692810e+00 0.000000e+00 
120 4.888260e+00 0.000000e+00 
160 4.061477e+00 0.000000e+00 
200 4.399230e+00 0.000000e+00 
240 4.547368e+00 0.000000e+00 
280 4.217888e+00 0.000000e+00 
320 4.354262e+00 0.000000e+00 
360 3.900351e+00 0.000000e+00 
400 3.887623e+00 0.000000e+00 
440 3.867956e+00 0.000000e+00 
480 3.571805e+00 0.000000e+00 
520 3.566468e+00 0.000000e+00 
560 3.516575e+00 0.000000e+00 
600 3.458545e+00 0.000000e+00 
640 3.531582e+00 0.000000e+00 
680 3.552422e+00 0.000000e+00 
720 3.497550e+00 0.000000e+00 
760 3.468069e+00 0.000000e+00 
800 3.442827e+00 0.000000e+00 
];
