version = 'MMult_1x4_2';
MY_MMult = [
40 7.111111e+00 0.000000e+00 
80 6.606452e+00 0.000000e+00 
120 4.396947e+00 0.000000e+00 
160 3.453626e+00 0.000000e+00 
200 4.207205e+00 0.000000e+00 
240 4.349221e+00 0.000000e+00 
280 4.382949e+00 0.000000e+00 
320 4.182793e+00 0.000000e+00 
360 3.974444e+00 0.000000e+00 
400 4.048327e+00 0.000000e+00 
440 4.054933e+00 0.000000e+00 
480 3.881647e+00 0.000000e+00 
520 4.067636e+00 0.000000e+00 
560 3.993360e+00 0.000000e+00 
600 3.998038e+00 0.000000e+00 
640 3.933438e+00 0.000000e+00 
680 3.902158e+00 0.000000e+00 
720 3.903594e+00 0.000000e+00 
760 3.893720e+00 0.000000e+00 
];
