version = 'MMult_4x4_3';
MY_MMult = [
48 1.701415e+01 3.552714e-15 
96 2.359296e+01 7.105427e-15 
144 2.305779e+01 1.243450e-14 
192 2.347558e+01 1.953993e-14 
240 2.351020e+01 2.486900e-14 
288 2.305779e+01 3.552714e-14 
336 2.426939e+01 4.263256e-14 
384 2.421861e+01 4.618528e-14 
432 2.317378e+01 4.618528e-14 
480 2.402085e+01 6.039613e-14 
528 2.248498e+01 5.861978e-14 
576 2.262109e+01 7.105427e-14 
624 2.247439e+01 7.460699e-14 
672 2.270251e+01 9.947598e-14 
720 2.224561e+01 8.526513e-14 
768 2.253824e+01 9.237056e-14 
816 2.207885e+01 1.278977e-13 
864 2.203678e+01 1.421085e-13 
912 2.172004e+01 1.705303e-13 
960 2.180952e+01 1.136868e-13 
];
