version = 'MMult_avx2_static_pack';
MY_MMult = [
48 1.957381e+00 3.552714e-15 
96 3.276800e+00 7.105427e-15 
144 3.890533e+00 1.243450e-14 
192 3.671104e+00 1.953993e-14 
240 3.913376e+00 2.486900e-14 
288 3.960848e+00 3.552714e-14 
336 3.823897e+00 4.263256e-14 
384 4.068775e+00 4.618528e-14 
432 4.081898e+00 4.618528e-14 
480 4.103295e+00 6.039613e-14 
528 4.079935e+00 5.861978e-14 
576 4.102771e+00 7.105427e-14 
624 4.107425e+00 7.460699e-14 
672 4.092410e+00 9.947598e-14 
720 3.970407e+00 8.526513e-14 
768 4.095667e+00 9.237056e-14 
816 4.090142e+00 1.278977e-13 
864 4.092167e+00 1.421085e-13 
912 4.090368e+00 1.705303e-13 
960 4.087560e+00 1.136868e-13 
];
