version = 'MMult_avx512_24x8_accumulate_fuse';
MY_MMult = [
48 3.686400e+01 3.996803e-15 
96 3.338626e+01 7.105427e-15 
144 4.265691e+01 1.421085e-14 
192 4.508209e+01 1.154632e-14 
240 4.623411e+01 1.598721e-14 
288 4.860198e+01 2.131628e-14 
336 4.955331e+01 2.842171e-14 
384 5.044375e+01 4.263256e-14 
432 5.126968e+01 4.973799e-14 
480 5.186026e+01 6.039613e-14 
528 5.136903e+01 8.526513e-14 
576 5.175436e+01 7.105427e-14 
624 5.207815e+01 7.460699e-14 
672 5.236208e+01 9.237056e-14 
720 5.254794e+01 9.237056e-14 
768 5.220524e+01 1.065814e-13 
816 5.228179e+01 1.207923e-13 
864 5.220759e+01 1.492140e-13 
912 5.250030e+01 1.705303e-13 
960 5.270521e+01 1.207923e-13 
];
